$ANSIBLE_VAULT;1.1;AES256
35356532313465313137666561306534323930646234623935633639623565663762626538346635
3434663338336563316639656439613235313330363361390a626535326662366462323662643930
61373632323866373337613534323764663135323638373432663338353932663436393361353637
3262323633333038310a366462386232666539376363396461346562633333333735643333393739
36376231326533653362663662356636386635323165366262376332613362373666623836656663
33646562646539393238303738353539663731386638313862343763666231343032383566333538
36376162616666323732616133336561306633326435663965333338383638646261643136666464
37316534653539663332386662616132353936663639303365373562303038363037343030343835
65306364303436356637303137626637303635316466366666653535336432366131313035323639
62353432343865376138353262663735643631333163333263326563393736376438316363326366
66633635383935343834643066653330646337646530643965303730336631343862343564346539
64356661616166373339353831646630643762373961396666303130636432383761323434323561
36643937306237663036376630326139316261316234643765663534323430353633323838313430
65393765313362316136653662626661616466653562646566613332303866663637393333353539
34323262323337363534663931303664313533376334626663396231306164336534336133346631
35656562623230356563613235653765306265346135373633383433633038326564396362663862
36626539386337313634623163633962376534616338353937316239313537363365303261636338
62333166366635616261363732666565353434396161363635333639633430356166643337303364
35396461323739353434353065343732633336636336343639323431323064393735613233396637
34326364363939623666316533326365376433663864376638336532363236303634373137373731
35393034626462623863646235646364663761376466363265393066333663343563353930663062
37643664623438346539306638303934323962643630613130313763613536623266353962613535
39313865616638303230663166623134383863393966393962666237376532313333393465303838
32333162323934623038643237373861366139393665353633656438323565336662313564336134
6236
